Training...
All params: {'boosting_type': 'gbdt', 'objective': 'binary', 'metric': 'auc', 'verbose': 1, 'learning_rate': 0.04, 'num_leaves': 30, 'max_depth': 5, 'min_data_in_leaf': 40, 'feature_fraction': 0.2, 'bagging_fraction': 0.8, 'bagging_freq': 45, 'lambda_l1': 0.2, 'lambda_l2': 0.2, 'min_split_gain': 0.2}
[100]	cv_agg's auc: 0.882722 + 0.00224627
[200]	cv_agg's auc: 0.884848 + 0.00242415
[300]	cv_agg's auc: 0.885058 + 0.00234984
Optimum boost rounds = 288
Best CV result = 0.8850836511589748
[100]	valid_0's auc: 0.884908
[200]	valid_0's auc: 0.887689
Validating...
二分阈值：0.4
f1_score：0.8138711960368012
特征阈值：1 特征数：139
所用特征重要性：[139, 184, 256, 147, 132, 67, 51, 82, 83, 29, 48, 43, 168, 185, 7, 3, 1, 2, 4, 9, 17, 1, 42, 44, 6, 14, 94, 20, 10, 54, 43, 23, 40, 19, 136, 124, 98, 65, 50, 38, 7, 75, 53, 96, 71, 20, 145, 32, 18, 13, 78, 64, 67, 30, 17, 29, 70, 75, 34, 58, 43, 27, 47, 74, 62, 61, 71, 61, 55, 32, 68, 69, 47, 85, 56, 42, 47, 52, 53, 25, 53, 43, 19, 37, 42, 31, 18, 24, 47, 22, 26, 36, 37, 49, 55, 35, 39, 26, 57, 12, 13, 15, 7, 12, 1, 23, 77, 61, 93, 49, 47, 69, 87, 49, 20, 39, 42, 6, 14, 25, 25, 16, 29, 10, 17, 16, 14, 13, 7, 21, 6, 0, 2, 3, 185, 16, 106, 16, 56]
Save result...
为1的个数：27871
为0的个数：23838
