Training...
[100]	cv_agg's auc: 0.884681 + 0.00219851
[200]	cv_agg's auc: 0.884983 + 0.00212824
Optimum boost rounds = 189
Best CV result = 0.8850553939080228
[100]	valid_0's auc: 0.886479
Validating...
二分阈值：0.4
f1_score：0.8110918544194108
特征阈值：3 特征数：105
所用特征重要性：[77, 174, 331, 192, 169, 42, 8, 77, 55, 32, 56, 105, 364, 1, 40, 16, 105, 14, 47, 47, 19, 23, 112, 140, 66, 54, 58, 94, 48, 88, 74, 19, 124, 28, 10, 79, 81, 83, 37, 22, 76, 24, 47, 53, 30, 16, 20, 70, 58, 35, 60, 41, 23, 18, 63, 37, 27, 50, 48, 9, 44, 40, 29, 12, 43, 28, 8, 22, 35, 15, 28, 35, 14, 24, 46, 27, 29, 15, 20, 62, 1, 15, 43, 49, 42, 32, 25, 48, 69, 20, 16, 28, 13, 9, 29, 5, 8, 20, 12, 2, 5, 48, 122, 13, 43]
Save result...
为1的个数：25522
为0的个数：26187
