0.9081209
0.075531304
0.32013983
0.084381044
0.92092514
0.089075536
0.9094193
0.08557996
0.123487234
0.29493725
0.0824582
0.07524514
0.09252778
0.081314206
0.8492862
0.07310432
0.9253377
0.08405018
0.92482114
0.09340972
0.912674
0.87656146
0.07992613
0.08304018
0.9111118
0.88883805
0.07214773
0.9349489
0.6757412
0.92532927
0.076815665
0.43194515
0.0888052
0.08306864
0.92458236
0.110520154
0.07153368
0.9033845
0.075816244
0.87686646
0.9185667
0.073913634
0.8931217
0.9220284
0.14000979
0.083640605
0.08008686
0.088709384
0.24291943
0.9229195
0.91851103
0.8485099
0.9205158
0.918381
0.07597181
0.92364645
0.08597672
0.082045764
0.08694869
0.8709233
0.9203191
0.097937256
0.9010261
0.9195931
0.9140989
0.91944736
0.074812025
0.8558556
0.8322865
0.08613458
0.16223752
0.0741522
0.086108476
0.9182786
0.91713315
0.92205125
0.90713894
0.9208807
0.07603875
0.071315944
0.07105386
0.08347893
0.90334797
0.07970503
0.10359877
0.09421149
0.077862054
0.91922915
0.11191681
0.9293319
0.9182228
0.92255914
0.08327946
0.90959215
0.18779999
0.923486
0.07550824
0.07613245
0.07437256
0.31588656
0.07869762
0.91798353
0.21112059
0.071498334
0.7844287
0.93251777
0.0754852
0.0775336
0.07848331
0.07944277
0.084736496
0.8879494
0.8349469
0.9161352
0.92192674
0.8990263
0.07532331
0.92193604
0.08622107
0.91857874
0.9177804
0.8402631
0.20370883
0.08535123
0.92129445
0.9210757
0.88446105
0.90437114
0.88404393
0.0743874
0.07970983
0.07154381
0.0884392
0.07522535
0.07358971
0.9072418
0.90349406
0.92321265
0.9018407
0.8919084
0.07229346
0.07875812
0.07793221
0.08161259
0.077554315
0.076295435
0.076386124
0.9211403
0.07919794
0.9182354
0.071698815
0.8956302
0.08725235
0.08597797
0.92604554
0.9198338
0.10496199
0.48431864
0.92419624
0.08932051
0.07692379
0.083817184
0.08102831
0.928595
0.9216357
0.07182771
0.9249845
0.07878736
0.07816315
0.9176893
0.08648226
0.089061975
0.8809651
0.08071372
0.9198991
0.07582629
0.92129475
0.90418386
0.079259336
0.088167876
0.18279365
0.17917374
0.9238349
0.91779673
0.07212904
0.8968079
0.9218521
0.07183051
0.07543728
0.0796181
0.91999745
0.07972857
0.92186826
0.33246574
0.075143695
0.07810596
0.07936522
0.919381
0.076298445
0.07101396
0.8890704
0.09627369
0.92391443
0.9157733
0.076870024
0.92929316
0.07818204
0.92016095
0.08209476
0.07539058
0.9163697
0.9169009
0.07439548
0.92235166
0.19007182
0.07871401
0.07630283
0.09395999
0.079425365
0.09833148
0.078683466
0.9186524
0.07906076
0.082430184
0.9042399
0.89773077
0.8989011
0.08247653
0.90259314
0.08289933
0.87010074
0.92260885
0.07525703
0.07382852
0.07234231
0.46157593
0.082850814
0.91665775
0.9083935
0.91673934
0.92645824
0.0754098
0.075683445
0.079059035
0.58739334
0.7385654
0.072868735
0.872476
0.897725
0.8400632
0.08781615
0.9223429
0.92272437
0.07520294
0.92235446
0.13128409
0.0779748
0.89880997
0.84032166
0.9098994
0.9222408
0.085020095
0.07518792
0.07107699
0.92136896
0.9175237
0.94651103
0.07518923
0.9245311
0.91965353
0.076238275
0.082528085
0.9350959
0.9028784
0.92099464
0.91064274
0.07452783
0.88920593
0.44478217
0.9198146
0.9106995
0.88038874
0.8844549
0.083415866
0.07669553
0.077361494
0.92007625
0.93550116
0.910359
0.9223522
0.07692763
0.67683214
0.080804735
0.07149881
0.908779
0.638346
0.084412396
0.9223683
0.104951024
0.07020211
0.08232698
0.87796676
0.07554817
0.09083092
0.91696477
0.91915476
0.09144911
0.076458365
0.07655206
0.091588944
0.11761269
0.07542217
0.755357
0.0808101
0.071964264
0.11812404
0.93608165
0.39045268
0.90723073
0.07859427
0.91884935
0.92811143
0.8170124
0.9226289
0.097070485
0.8617351
0.18256491
0.91832423
0.9251629
0.8714565
0.42037278
0.8518709
0.9209161
0.070959985
0.88560164
0.76536024
0.07616967
0.9023924
0.920353
0.11986628
0.54811656
0.88038534
0.081600666
0.9204725
0.87693757
0.076322734
0.08282423
0.9184016
0.9035355
0.527836
0.906745
0.8950945
0.8750127
0.92056555
0.91825557
0.07058549
0.9200061
0.075957775
0.91554356
0.92769
0.8754046
0.085490406
0.89285123
0.07674527
0.0756799
0.9219812
0.9138196
0.92076373
0.8880756
0.0910587
0.9228414
0.9014522
0.09702602
0.076132536
0.9213612
0.91810936
0.92472076
0.08796787
0.08246493
0.9140954
0.08570108
0.89327633
0.08967033
0.92145383
0.07375732
0.08422521
0.90834594
0.0920856
0.08680418
0.07727474
0.10765433
0.16254127
0.07830271
0.876378
0.92013836
0.9050312
0.9102528
0.9202057
0.09810978
0.07508671
0.120746404
0.90547436
0.9303701
0.10541111
0.1873256
0.07259196
0.88254213
0.8795812
0.0848127
0.07398003
0.9189959
0.07535589
0.7815374
0.07127398
0.073516846
0.073928714
0.086924136
0.07883471
0.073007435
0.08659577
0.86541843
0.9212734
0.09283942
0.82986456
0.08599943
0.9183562
0.9202151
0.07580185
0.78820276
0.0709804
0.91314685
0.07399085
0.075556844
0.8836168
0.08705515
0.073437005
0.07421076
0.8769442
0.35071167
0.92259574
0.9261652
0.9346313
0.92205334
0.91974235
0.2799058
0.90169525
0.9174192
0.07532811
0.91881704
0.085284024
0.9276625
0.0762206
0.90517056
0.090078324
0.93067133
0.7339964
0.07308558
0.08302069
0.8935896
0.9020392
0.0754267
0.92654717
0.42336836
0.909062
0.28062195
0.90814507
0.15043274
0.9401263
0.9162768
0.9206985
0.09126058
0.25262564
0.08583775
0.89856684
0.88340056
0.07997239
0.08008015
0.07570091
0.91484123
0.9060973
0.9188839
0.084347874
0.07511708
0.07264486
0.92429566
0.087552756
0.083903104
0.0711939
0.9278439
0.9208875
0.08711758
0.07562086
0.07545194
0.07434389
0.9074844
0.9140991
0.07860127
0.09006938
0.101446
0.08994874
0.91966426
0.92252606
0.086209774
0.082927346
0.07712981
0.89232856
0.85877097
0.07594466
0.92099005
0.9179187
0.9061943
0.075194806
0.07294208
0.42941028
0.17571738
0.08310825
0.09356871
0.949299
0.123215765
0.88261896
0.07561886
0.9016906
0.91065633
0.07450548
0.07577902
0.07351869
0.87945604
0.076005965
0.08395392
0.90217364
0.8980031
0.07359931
0.0767121
0.07098779
0.9188124
0.91884243
0.07560432
0.08106917
0.9187002
0.07536045
0.093480796
0.9190467
0.9081247
0.91207564
0.07505718
0.9210459
0.095615
0.92144835
0.09198624
0.07944816
0.81125045
0.074828714
0.07655954
0.07519886
0.9182309
0.9017703
0.43376675
0.07528323
0.0744921
0.8772501
0.11579415
0.07951483
0.09139454
0.91462266
0.9047693
0.077145934
0.08582559
0.10163942
0.07401419
0.08564317
0.32733956
0.90605795
0.9180135
0.8945583
0.91960347
0.9150294
0.07453856
0.111558944
0.09975681
0.4131489
0.9174386
0.92354333
0.92140806
0.076117605
0.893162
0.07944235
0.7085707
0.29477933
0.89327013
0.9214652
0.921762
0.09402737
0.07416478
0.90049815
0.8857888
0.07798925
0.08729845
0.53263456
0.90691423
0.8254448
0.9143144
0.8525861
0.09640741
0.41179007
0.075393945
0.9298507
0.91498804
0.0695492
0.9052459
0.0761756
0.91287005
0.07584825
0.07520878
0.9240386
0.8787264
0.07794681
0.9252869
0.07524067
0.08026707
0.8588245
0.91977906
0.92072725
0.07531765
0.075372875
0.10436791
0.105918884
0.10984424
0.075792015
0.91980374
0.08478615
0.8735637
0.07907942
0.07362744
0.9257165
0.8796346
0.92011017
0.9093505
0.076820344
0.19305235
0.92545485
0.08763981
0.086369365
0.9199982
0.9058888
0.9195056
0.92452896
0.072458446
0.07576805
0.074499935
0.083011806
0.07519379
0.08684045
0.90428513
0.20264202
0.07883942
0.07465726
0.081009895
0.9167638
0.07382852
0.8869001
0.90688527
0.092013
0.8896439
0.9186701
0.92121917
0.084151804
0.9058547
0.90513504
0.073521316
0.9065051
0.10330555
0.08006358
0.9237248
0.09695527
0.08312246
0.90630805
0.9206106
0.072104245
0.07500011
0.91781354
0.9261455
0.08592999
0.888166
0.898677
0.8258416
0.9229244
0.08286166
0.13738555
0.9083054
0.912864
0.07290363
0.077863336
0.10458225
0.93734074
0.9290335
0.08595455
0.9195528
0.075583965
0.07524645
0.08057085
0.09584412
0.07877001
0.16795307
0.58883107
0.9119817
0.9232662
0.07523957
0.08558884
0.07331991
0.07763371
0.08024633
0.91802573
0.9007369
0.08113712
0.18923867
0.73851377
0.50941724
0.92600477
0.92414415
0.92092764
0.8848994
0.07400611
0.08843544
0.42198336
0.904111
0.89198124
0.08494842
0.08967462
0.92127967
0.8971387
0.075039774
0.8783213
0.9102944
0.9249766
0.85717773
0.91199005
0.68517995
0.9041177
0.09042665
0.080206454
0.8750324
0.91241753
0.07197577
0.09344143
0.08039343
0.8815867
0.07576567
0.13231677
0.9032217
0.07434335
0.55913204
0.91806644
0.84783345
0.072089285
0.8866347
0.07526064
0.884048
0.07800782
0.907889
0.091860235
0.07405484
0.10848102
0.8747332
0.9179666
0.9213662
0.07557368
0.9263582
0.9247456
0.07792422
0.08099103
0.07554096
0.91934776
0.90700144
0.0790216
0.9232366
0.1169188
0.07480839
0.9045384
0.074546814
0.09595281
0.07517049
0.16079724
0.07523
0.8750591
0.07303515
0.072015494
0.91366935
0.9209516
0.07192519
0.9232501
0.075372875
0.081463695
0.08436787
0.9240849
0.90409285
0.08198166
0.08590993
0.07579529
0.9081696
0.09418711
0.83642715
0.08928755
0.07584044
0.6583568
0.9223254
0.07866508
0.08676082
0.9211554
0.9073038
0.081211805
0.8905729
0.9314285
0.88822615
0.077062786
0.9075797
0.08284086
0.19142798
0.07865986
0.07548815
0.0813441
0.07838684
0.075921625
0.90463215
0.076280236
0.07862562
0.0763551
0.9230147
0.32310605
0.9284437
0.09560138
0.921149
0.07191032
0.9148135
0.48302525
0.92045105
0.8485508
0.09727433
0.923785
0.084563494
0.92250454
0.9267942
0.11122835
0.91981614
0.92495066
0.91926634
0.9199773
0.115451396
0.8851393
0.9176236
0.90821993
0.86311007
0.9143095
0.07548931
0.92702585
0.68595076
0.09135282
0.25706476
0.075274765
0.07842016
0.9019499
0.853969
0.6465944
0.91041845
0.08588135
0.92411566
0.9189481
0.08085218
0.87950534
0.9286177
0.9159
0.07541868
0.07485336
0.08079553
0.08029553
0.078032404
0.07228392
0.91855884
0.10646093
0.0767138
0.92292726
0.92090493
0.8948895
0.8357543
0.88787663
0.9022299
0.0747278
0.9203993
0.098501086
0.084147185
0.44564012
0.09031871
0.9176149
0.09574872
0.091569394
0.8650848
0.9185883
0.9198819
0.42884848
0.14170769
0.8782972
0.94999546
0.09171924
0.0753915
0.08538696
0.085372
0.07376757
0.12654105
0.08481529
0.07153833
0.9246309
0.90978587
0.87883747
0.07569635
0.07542613
0.8861476
0.92129624
0.10013187
0.9292325
0.41238347
0.92074025
0.92531323
0.52208984
0.7780205
0.07325739
0.482795
0.07464385
0.10576826
0.868338
0.13573217
0.85279596
0.08044702
0.0782941
0.07021272
0.08308661
0.071763724
0.15838149
0.08173853
0.14838818
0.9210761
0.096784234
0.91476905
0.08621284
0.9230928
0.081617564
0.91930366
0.88457257
0.07415098
0.9190706
0.08777133
0.077848524
0.90842646
0.90313315
0.08100891
0.071644604
0.88117266
0.16046321
0.10251066
0.07506457
0.920555
0.86777365
0.089000404
0.100004435
0.92865026
0.0952481
0.07874897
0.07581249
0.92026514
0.3502037
0.075466454
0.4079579
0.07890752
0.9256134
0.92862755
0.08745393
0.077587694
0.93389606
0.08885586
0.9211585
0.91875803
0.92102385
0.9212996
0.08010295
0.074124634
0.9195337
0.07528129
0.9120126
0.07381123
0.075669765
0.8800353
0.077186525
0.10018575
0.31925613
0.9237453
0.87979066
0.083128095
0.075324
0.9217098
0.92671597
0.87339854
0.07347146
0.9161976
0.92656314
0.09306809
0.91874695
0.07330343
0.89963055
0.09095779
0.07216126
0.932812
0.079466105
0.87613475
0.90783
0.7740471
0.08858511
0.8727213
0.07741907
0.9353149
0.07378164
0.9244475
0.9176194
0.122085184
0.07806903
0.103007585
0.76038134
0.081668794
0.13837966
0.91949594
0.92493576
0.079413325
0.07532057
0.08030295
0.08153498
0.8640244
0.074533254
0.11225149
0.898096
0.9180318
0.26150244
0.07898897
0.08872542
0.9300097
0.8514612
0.098822445
0.93727005
0.87529093
0.094861925
0.90034413
0.92355263
0.7883835
0.90175855
0.07088977
0.8991252
0.077197164
0.08047345
0.071391076
0.9229493
0.07616928
0.07532027
0.08102155
0.92508584
0.87828565
0.0995312
0.08868843
0.08310515
0.09025982
0.074471414
0.8817113
0.086545974
0.07147139
0.084814906
0.075237334
0.92259383
0.07965121
0.07445422
0.91991776
0.078795165
0.8566756
0.08581281
0.9183014
0.9231182
0.9191906
0.79544204
0.085838735
0.08910325
0.9267088
0.09215158
0.07183242
0.82495105
0.88353896
0.090836406
0.08224651
0.086693436
0.08142206
0.07552332
0.07233432
0.90792793
0.90812635
0.9259363
0.07532111
0.8900996
0.40636784
0.08842194
0.08018607
0.0737291
0.9212598
0.7710373
0.0755645
0.08166155
0.07171729
0.08042407
0.9192016
0.92153263
0.095244944
0.08222172
0.9216354
0.89767206
0.08934054
0.904055
0.93224585
0.92275643
0.9193795
0.909131
0.9203399
0.0756312
0.0809975
0.9081928
0.08066708
0.9214115
0.9192815
0.0769448
0.9243579
0.8944448
0.07328534
0.9030968
0.9222878
0.08056384
0.8834899
0.07468408
0.9209718
0.92113745
0.8864362
0.07517877
0.0790385
0.90872324
0.91779304
0.91547036
0.124774516
0.14823225
0.9140177
0.07552621
0.0953356
0.080753684
0.086060196
0.08418098
0.07686728
0.9205414
0.1332547
0.085534036
0.7670443
0.07737735
0.080405325
0.09336075
0.915329
0.07909483
0.92318106
0.087162256
0.07066974
0.8084719
0.91309243
0.9068986
0.074297965
0.07676068
0.93179816
0.93179613
0.095501274
0.07695815
0.08039859
0.9240775
0.09038359
0.7819848
0.08211109
0.82416224
0.07508668
0.92179626
0.90285444
0.9124391
0.07211897
0.9227629
0.9220096
0.07278454
0.5310421
0.07829034
0.07436484
0.922662
0.07667929
0.9278592
0.9218444
0.07547167
0.91970706
0.90737647
0.07423133
0.11819631
0.07865885
0.88379836
0.90173393
0.9030663
0.92345166
0.9195733
0.8971012
0.9204619
0.9080812
0.08696869
0.075360924
0.076897204
0.07901129
0.890001
0.79580355
0.075924754
0.08497131
0.9240273
0.92483425
0.07669455
0.9200547
0.09017268
0.89883953
0.07943651
0.90435994
0.91789913
0.90972316
0.0753538
0.079235286
0.07539928
0.91493
0.8957336
0.083033085
0.29289424
0.08128634
0.073367774
0.080789655
0.07527906
0.08068764
0.9203855
0.92373323
0.07357451
0.07339516
0.071587324
0.9054978
0.78871495
0.92181104
0.68219554
0.07378277
0.91975987
0.54721314
0.07447073
0.09228626
0.076042116
0.07823387
0.91940486
0.9209207
0.0756934
0.075825214
0.107233614
0.9036199
0.08172637
0.7617496
0.09304261
0.9076253
0.91269684
0.07147914
0.08116779
0.9207532
0.0751642
0.07402295
0.91664314
0.5133809
0.075407565
0.9070014
0.9258175
0.9177009
0.90523463
0.089092225
0.07380444
0.06982982
0.10026297
0.9220599
0.7912992
0.92910767
0.9011834
0.88463557
0.07344651
0.11815247
0.9253144
0.9095311
0.086738765
0.9202237
0.88474065
0.080732405
0.09853122
0.8850544
0.075211525
0.07141796
0.8677419
0.91795707
0.0810093
0.87203
0.933982
0.07564539
0.16225094
0.115964204
0.3839302
0.09108412
0.90343785
0.9265491
0.07235491
0.073752195
0.07378858
0.09215802
0.9205856
0.9031171
0.87512565
0.077959746
0.07547557
0.88525146
0.89050364
0.4417084
0.07219216
0.8797559
0.9189161
0.072061956
0.92238975
0.078891486
0.09229484
0.07701561
0.08140895
0.0749155
0.9081564
0.07024947
0.92360014
0.08586544
0.07842016
0.07922912
0.07531491
0.8756014
0.072395116
0.89910376
0.90377563
0.85389894
0.083643496
0.07545948
0.07527512
0.072825104
0.9029964
0.08395696
0.08170003
0.08336499
0.92281723
0.91423774
0.07648125
0.91536963
0.8889747
0.08327797
0.07264438
0.072184145
0.1014325
0.9231465
0.10570505
0.9192194
0.92305666
0.76246303
0.8914001
0.8797505
0.8855326
0.8830315
0.9176033
0.9100032
0.48725158
0.9242933
0.8825041
0.9248438
0.07752001
0.92118335
0.080064654
0.8579611
0.07901791
0.07273266
0.9196597
0.0841361
0.9229229
0.08634469
0.9214965
0.9067807
0.9296262
0.88321686
0.92171705
0.9213543
0.09866151
0.2977966
0.11885622
0.92412674
0.92239046
0.08481395
0.9186903
0.9197387
0.07224241
0.92065346
0.07531956
0.078862876
0.08447006
0.9197122
0.9258087
0.9186971
0.07438758
0.1450336
0.8653699
0.4403675
0.9042856
0.89723307
0.92283404
0.075137824
0.87822247
0.07206157
0.9093348
0.7811648
0.07209429
0.084058255
0.92272615
0.90501046
0.9260115
0.8057211
0.07526156
0.92327905
0.8769555
0.09237397
0.18282998
0.099004805
0.9048667
0.07569304
0.80814546
0.083168596
0.0727905
0.08581808
0.930296
0.08161688
0.13497028
0.08160919
0.08236426
0.07346761
0.92148817
0.91943824
0.9320244
0.07630381
0.08249155
0.0887014
0.9083233
0.079290956
0.88205653
0.92232835
0.09068838
0.113063246
0.10381451
0.91651607
0.91798913
0.9325466
0.07334554
0.9155991
0.9038831
0.1085017
0.9166939
0.91798794
0.07617429
0.92254317
0.90481544
0.081180125
0.083413124
0.07711777
0.92121017
0.076205015
0.74808294
0.88046396
0.08493516
0.3890964
0.9074856
0.91506124
0.866859
0.89717007
0.8498713
0.9017411
0.076601595
0.91849375
0.09285766
0.08520067
0.8701149
0.8881214
0.9242302
0.9103995
0.0967423
0.899531
0.9208244
0.075559705
0.08664155
0.9301272
0.09371242
0.075136125
0.92101574
0.07380092
0.07568586
0.9279957
0.92217875
0.47278064
0.07789108
0.9199337
0.92910576
0.8897459
0.07431209
0.18444696
0.8880906
0.07522324
0.075847805
0.91954523
0.068948895
0.9315697
0.07349062
0.08531886
0.075880796
0.093865305
0.9014113
0.07729426
0.9266734
0.9217037
0.07402381
0.084371954
0.12390226
0.8902303
0.9214362
0.91925216
0.0895713
0.07208744
0.92531693
0.9125318
0.07892877
0.8914367
0.08238673
0.9047396
0.07398963
0.07795271
0.86579466
0.91581213
0.9253899
0.07138997
0.9191706
0.87367123
0.92718637
0.8734525
0.91859007
0.1133779
0.9225291
0.07233071
0.92287946
0.90721935
0.09220153
0.08116248
0.08228585
0.08804917
0.92591417
0.077318996
0.07349068
0.90767324
0.9232873
0.87074405
0.07191265
0.5714694
0.5328338
0.0787766
0.09143156
0.9208009
0.07639384
0.08026147
0.075375736
0.090159416
0.07532975
0.89179623
0.9117037
0.90741146
0.93059266
0.79633415
0.07500157
0.07540533
0.075428724
0.9483918
0.0844852
0.073565096
0.11812851
0.91079354
0.7823507
0.8784351
0.07532057
0.07315785
0.9162012
0.079416096
0.0754641
0.07508597
0.91825676
0.084201604
0.9281912
0.07988921
0.08007991
0.12015173
0.9180714
0.07566947
0.07194731
0.080069035
0.086948395
0.07941687
0.9152849
0.10064593
0.834947
0.8618591
0.08242449
0.90930736
0.07338089
0.09171736
0.90606874
0.0761745
0.89495087
0.07957128
0.9004606
0.076072216
0.9014159
0.9224983
0.07357097
0.077569276
0.925172
0.072539836
0.10407013
0.07540977
0.08231634
0.90280694
0.076132804
0.50465417
0.081732035
0.0750114
0.8765973
0.7247395
0.84876156
0.9133158
0.080595315
0.92181396
0.08601299
0.077013046
0.14736208
0.089826554
0.7891685
0.07065526
0.9235608
0.08141944
0.92342824
0.074243486
0.09002197
0.07471758
0.6220983
0.09171888
0.92603254
0.8520446
0.071027815
0.11460957
0.08666134
0.07575256
0.08029595
0.9146668
0.08677274
0.075353116
0.9194902
0.0843164
0.096495956
0.085477024
0.18368462
0.89792955
0.071697116
0.9131167
0.07670346
0.09460214
0.47397423
0.07560122
0.9160639
0.92106414
0.087837696
0.07563245
0.075778335
0.9147246
0.8880495
0.07331398
0.07548246
0.92907786
0.07612097
0.9150485
0.08371067
0.8943838
0.9190625
0.07534689
0.07213253
0.9085926
0.92647374
0.897648
0.8805165
0.9226657
0.9230796
0.07549456
0.89774555
0.08535752
0.9236474
0.13601547
0.07518557
0.07652131
0.08454767
0.82267
0.104641974
0.920479
0.91802263
0.07885346
0.08351284
0.08901009
0.91972256
0.69630635
0.9203937
0.8005374
0.92500246
0.89136255
0.08358765
0.9006028
0.07812813
0.076530576
0.07108238
0.9275203
0.91929376
0.9204017
0.092098504
0.9435064
0.07378006
0.8783411
0.753194
0.9236382
0.66952956
0.9267635
0.6741269
0.9188138
0.7515043
0.91979337
0.072126895
0.9252695
0.076114446
0.29262948
0.8449861
0.9203158
0.08057889
0.88468254
0.08288965
0.07506508
0.08871108
0.34118384
0.77397484
0.91720784
0.9212215
0.9231271
0.08018342
0.9141959
0.084310025
0.87549126
0.07688218
0.07803112
0.907375
0.07146028
0.076378345
0.090519994
0.07553512
0.9115498
0.8763778
0.12556866
0.08042446
0.92430294
0.8394743
0.91909313
0.08428118
0.91866326
0.9058844
0.08622214
0.082053185
0.899064
0.07860926
0.7877876
0.22747873
0.08220819
0.0935179
0.12372333
0.075119704
0.928565
0.8921212
0.19915155
0.083946794
0.08946654
0.08397472
0.20427668
0.08626914
0.92383957
0.09839147
0.8999261
0.07192442
0.08510047
0.8586391
0.22250468
0.084293306
0.11931583
0.09479591
0.89195955
0.0749515
0.7511747
0.5991256
0.07306886
0.08204728
0.80412114
0.07707456
0.92069435
0.8854586
0.9264436
0.07544926
0.3122331
0.9068582
0.083900005
0.07556185
0.9252138
0.9263919
0.91929877
0.075372875
0.07223889
0.09968895
0.07044083
0.9202379
0.90723956
0.09018773
0.9127302
0.0754897
0.13104051
0.07817775
0.9190761
0.3747183
0.0834164
0.9199858
0.09477353
0.8102853
0.08054605
0.07912907
0.881981
0.19434139
0.92078376
0.07198772
0.08820817
0.07883856
0.9281845
0.8981881
0.91192985
0.07498127
0.11572483
0.61134744
0.9199342
0.9177462
0.085998744
0.07580438
0.089535385
0.9122778
0.07087815
0.89623463
0.07713467
0.07519886
0.8422423
0.085651636
0.8759246
0.571905
0.077169925
0.08672315
0.92377496
0.07603493
0.09126592
0.9238205
0.09260997
0.07318923
0.92691344
0.1930269
0.08665791
0.91765696
0.07166177
0.2716037
0.08284718
0.07842091
0.101261675
0.91789716
0.07798275
0.88329655
0.078891754
0.082533956
0.08538723
0.07531801
0.075368255
0.41929713
0.10116714
0.88493717
0.92160165
0.07803652
0.08023009
0.11693701
0.9141537
0.879254
0.9210474
0.9051286
0.07528332
0.91675246
0.90388143
0.91920567
0.11168566
0.2762811
0.9305202
0.13277435
0.0723359
0.15352547
0.909585
0.31509936
0.07525426
0.088365436
0.9300728
0.5690602
0.08828768
0.92050207
0.3035336
0.918383
0.9128839
0.07320756
0.07523811
0.08532828
0.9224695
0.07548854
0.8978561
0.07998562
0.91675067
0.91503274
0.9180859
0.9114041
0.9204668
0.52477413
0.08491802
0.07500678
0.91963506
0.92345595
0.0877274
0.5395825
0.9213566
0.08983791
0.8548398
0.073144495
0.9238593
0.61875814
0.9241843
0.74135256
0.0883342
0.9118422
0.9003266
0.0778313
0.08414611
0.9105598
0.87802035
0.1343104
0.91130364
0.13979104
0.07508671
0.6633821
0.101483166
0.086968064
0.9212887
0.8052337
0.07581851
0.9257423
0.078977644
0.09642357
0.074816436
0.09153658
0.08112559
0.927914
0.89102423
0.921931
0.092939466
0.076215446
0.07555893
0.07601017
0.075118005
0.11668217
0.8989427
0.9181247
0.07645461
0.8459215
0.08206263
0.9184251
0.19281104
0.10363993
0.917557
0.092365324
0.5223693
0.07487765
0.08482483
0.9122697
0.91280925
0.9223843
0.10453308
0.07935047
0.9159489
0.076492816
0.90457344
0.90895647
0.8775383
0.92089057
0.08532667
0.07563931
0.07521927
0.8477485
0.07454291
0.9216585
0.87412536
0.9229219
0.91964066
0.9206797
0.071920484
0.8031031
0.08049148
0.92273617
0.90749377
0.08084589
0.924296
0.106384784
0.2697286
0.08097443
0.08171502
0.90859675
0.9214411
0.9104924
0.073715925
0.070859104
0.0782069
0.9193135
0.0753957
0.09231946
0.072009325
0.07779899
0.07344943
0.92026716
0.072350055
0.081245035
0.92157984
0.07504684
0.9237728
0.08034402
0.07422277
0.08329782
0.9218782
0.8710931
0.92438126
0.090954304
0.07443735
0.8904139
0.90177965
0.08192307
0.071918815
0.9213488
0.8071008
0.0792183
0.810326
0.8835299
0.07687244
0.9243821
0.079383135
0.91768366
0.07895282
0.88582385
0.9278197
0.084373355
0.90643895
0.07458988
0.5294601
0.9014127
0.87564445
0.07958233
0.9246111
0.90885067
0.92199636
0.07370323
0.08183366
0.09167495
0.077273875
0.07159355
0.07992211
0.106577456
0.072740614
0.079648435
0.89454675
0.9142498
0.92561615
0.086515635
0.9206114
0.08829206
0.08838144
0.8705094
0.09059647
0.12973288
0.79859596
0.09689817
0.8897823
0.08547294
0.8920282
0.9020605
0.91940206
0.07421699
0.92119753
0.071409374
0.9034467
0.90722597
0.91798484
0.86331284
0.91025066
0.89313555
0.07255882
0.10223648
0.0766336
0.08336559
0.91970146
0.3816196
0.08120018
0.90126634
0.07330531
0.080004275
0.9193138
0.08057383
0.075499475
0.9265789
0.80641454
0.9173089
0.93014145
0.39375034
0.8904676
0.9198061
0.91815203
0.14811316
0.08876595
0.9091
0.08854258
0.9181856
0.07561165
0.9215201
0.07617378
0.074605405
0.9219728
0.9232923
0.91120297
0.87336063
0.9210782
0.084145635
0.07219818
0.9006429
0.88100743
0.07679045
0.9299897
0.08017984
0.85088694
0.9251559
0.92173743
0.0767456
0.94021475
0.9039354
0.07229665
0.93545514
0.08776808
0.91839397
0.9173244
0.7681596
0.9053049
0.92018974
0.9122709
0.9223161
0.37690705
0.0732446
0.90042627
0.080759495
0.87996006
0.903841
0.89946103
0.09146458
0.082788974
0.16709864
0.8815
0.8872215
0.07718167
0.085149616
0.08731112
0.09115726
0.07270235
0.9149212
0.1089724
0.08984959
0.8957473
0.92026365
0.9067018
0.08021185
0.07888085
0.91153014
0.07271108
0.9256288
0.07167515
0.9196272
0.07435438
0.9038193
0.1737079
0.87625724
0.09393558
0.5352938
0.90121365
0.080090344
0.9218668
0.07713255
0.9180542
0.08077246
0.9066438
0.07586765
0.085491836
0.075336665
0.9316057
0.9152683
0.87391686
0.91613257
0.9214525
0.07276112
0.087987304
0.08249301
0.9098209
0.071971536
0.7790834
0.075033516
0.9146943
0.92057616
0.92171144
0.91787744
0.077824
0.9034561
0.078952044
0.09099728
0.07519516
0.08581185
0.09608927
0.92162323
0.9194472
0.07838869
0.112140596
0.92141366
0.08024439
0.92240006
0.07491106
0.09012243
0.070843756
0.88733506
0.094834626
0.9130449
0.07586706
0.9018892
0.88063836
0.09388441
0.07574344
0.88139725
0.8584857
0.19332913
0.9136044
0.09296712
0.075354874
0.07976809
0.92716795
0.089306235
0.1680362
0.86992604
0.0751825
0.07107374
0.14080521
0.07356486
0.07438436
0.07883471
0.1214996
0.30637
0.08313504
0.9238236
0.069949895
0.084079
0.07187611
0.07561082
0.8772066
0.9062293
0.09078848
0.9146546
0.07281536
0.6734058
0.072921276
0.811105
0.92276895
0.8117203
0.07862571
0.074899346
0.92339015
0.91348803
0.9213318
0.07889891
0.07538995
0.07542217
0.08036545
0.87397516
0.8692996
0.088746995
0.9163255
0.88217247
0.08003792
0.90636516
0.86946315
0.9236214
0.8883046
0.075024486
0.86055434
0.07504219
0.9188423
0.9239931
0.07516438
0.093108565
0.07519859
0.92517996
0.90603936
0.07439536
0.50115067
0.07477847
0.07563245
0.92951053
0.086069256
0.35633907
0.6606892
0.926031
0.25391823
0.8147323
0.88266987
0.07193437
0.9057833
0.07561964
0.8999051
0.075790435
0.072259754
0.07542208
0.105647415
0.08024126
0.071970016
0.9180838
0.93175673
0.92551553
0.9225
0.9192195
0.07521841
0.90921795
0.07443234
0.07349351
0.088840246
0.41007102
0.38065597
0.075211525
0.07205084
0.92547846
0.90892315
0.07639569
0.07538074
0.90754515
0.59925133
0.07367483
0.11539042
0.90698767
0.07106063
0.91243494
0.9004482
0.07415646
0.0770143
0.9210926
0.07693797
0.075285226
0.070302784
0.07722762
0.073551625
0.07912332
0.9202187
0.9251546
0.07482535
0.073538214
0.93692243
0.9219605
0.083161205
0.9176057
0.086244226
0.9137266
0.08190751
0.9109802
0.918292
0.07761189
0.23236574
0.88717014
0.9186965
0.9205756
0.0751681
0.079554915
0.8694772
0.912958
0.085288495
0.08394006
0.075467676
0.8823506
0.13240644
0.07667512
0.07285845
0.10278562
0.27358127
0.9296248
0.91868484
0.07836127
0.09488526
0.08461541
0.9190036
0.85734624
0.28457665
0.1213949
0.08845043
0.73738265
0.07494417
0.0797385
0.1000292
0.08452693
0.08603224
0.9307505
0.08451083
0.92240876
0.07160646
0.8995137
0.90481806
0.9245267
0.930152
0.124702215
0.9200947
0.07525909
0.9134022
0.8938164
0.9143164
0.07532257
0.08378431
0.9208873
0.34316117
0.9182564
0.08592999
0.08566105
0.9218771
0.7404636
0.8374649
0.08400425
0.07398963
0.07566661
0.074542165
0.082166344
0.9199656
0.107670516
0.0713149
0.66759026
0.08860749
0.07348919
0.9041245
0.91532266
0.90600693
0.9237102
0.08818886
0.07517603
0.919359
0.9335152
0.07268891
0.9196633
0.21985212
0.91159415
0.91790533
0.91845214
0.078759074
0.07229459
0.8861179
0.08840743
0.07477033
0.91985804
0.90552545
0.92211306
0.08064854
0.907542
0.91796404
0.9336284
0.9128635
0.92594415
0.07202119
0.16492516
0.92365766
0.9191157
0.9188982
0.07545769
0.08042672
0.8941023
0.87166166
0.9213718
0.082172036
0.9009495
0.086791486
0.17923456
0.09325346
0.8765456
0.094757706
0.07888976
0.080640584
0.6644493
0.07432529
0.8533896
0.5948098
0.18124455
0.8937054
0.91951597
0.0731833
0.43835914
0.07307592
0.90237206
0.08460778
0.9193096
0.07687244
0.4469461
0.924019
0.9067277
0.07783842
0.089577615
0.09426245
0.09734997
0.08930126
0.08655453
0.8986902
0.9190319
0.91815054
0.1956732
0.084105045
0.91772586
0.21815093
0.90757567
0.070824206
0.08396876
0.9258484
0.07534787
0.09042379
0.095072955
0.78058565
0.085384816
0.9205622
0.08397764
0.09551728
0.89616466
0.07549301
0.35952568
0.07438192
0.07917711
0.07217306
0.9201062
0.08353326
0.073347986
0.072185606
0.89023453
0.9211011
0.10993382
0.07096365
0.0751698
0.9063185
0.42303878
0.07710594
0.07553533
0.097830266
0.9231112
0.9204369
0.074995756
0.08577472
0.90297085
0.08696011
0.40992978
0.88844717
0.926957
0.0836702
0.9117812
0.15094578
0.921209
0.081237525
0.6688504
0.91515183
0.9240629
0.91838413
0.9203466
0.07309204
0.9270582
0.91686845
0.09699139
0.92016566
0.91378367
0.08392301
0.073447615
0.12199965
0.07792559
0.9053689
0.08557704
0.0752444
0.07730821
0.08124074
0.074716985
0.078923345
0.072630614
0.0800516
0.9216276
0.08234063
0.9024286
0.9199334
0.9087286
0.12776348
0.08121681
0.09028193
0.12488577
0.075428545
0.905725
0.8748206
0.08639145
0.9190782
0.91346407
0.8802642
0.07556066
0.08408195
0.91885495
0.8956624
0.18153769
0.082077
0.9164634
0.9255191
0.91946006
0.90193516
0.084468484
0.91373134
0.07929236
0.09047654
0.9038254
0.07503247
0.08612713
0.86890566
0.918211
0.18354583
0.86947167
0.9252113
0.78640676
0.080575585
0.9025388
0.07463595
0.16848916
0.87400687
0.9212097
0.8682947
0.9127029
0.07486093
0.07875356
0.11111152
0.1992543
0.9196265
0.921293
0.07631314
0.9076897
0.077138305
0.080920875
0.9234306
0.08523166
0.92226386
0.075029105
0.92254305
0.07335144
0.9175362
0.09693122
0.92065763
0.9201124
0.79864174
0.07666904
0.084881574
0.9010513
0.10842803
0.89398754
0.079936326
0.07503414
0.9152865
0.91561043
0.9148029
0.11047244
0.86866224
0.9254029
0.93128693
0.9224723
0.08799061
0.10148576
0.91944504
0.08139074
0.91766155
0.88857996
0.08554232
0.5167991
0.11748782
0.085794955
0.10654098
0.92454815
0.07605007
0.9212746
0.090810895
0.8227252
0.91414696
0.07152197
0.9190794
0.66482157
0.9173713
0.07791531
0.91719615
0.073420554
0.07470778
0.07126072
0.071463645
0.6025466
0.085518986
0.080970496
0.9127985
0.07332045
0.9135044
0.89803433
0.869491
0.08140579
0.93444675
0.5942242
0.0836007
0.920272
0.071964264
0.9208927
0.8859898
0.76272833
0.07377052
0.9202658
0.11591828
0.071517885
0.117940605
0.48399743
0.08505359
0.07547304
0.9221519
0.91886544
0.88605773
0.089187026
0.91447437
0.07584712
0.9286705
0.8598754
0.8827574
0.07187623
0.9066773
0.07160646
0.9029306
0.09187478
0.90877694
0.07113463
0.099561244
0.081397116
0.9009377
0.91844594
0.09440547
0.6911827
0.07636744
0.68697804
0.79567105
0.92074007
0.9141961
0.07098284
0.10650951
0.07640353
0.8554356
0.111046076
0.08053005
0.07429665
0.91939497
0.076972306
0.90224195
0.66550416
0.9014116
0.9209622
0.07673442
0.08617273
0.078696966
0.07895598
0.91581976
0.2661271
0.0762153
0.07900095
0.17004123
0.08287525
0.10302737
0.08242625
0.9203932
0.8660632
0.9117132
0.90214276
0.23343977
0.9208514
0.92124534
0.92457366
0.07513392
0.9020555
0.07684389
0.07548416
0.9072366
0.9004841
0.8511801
0.08528808
0.07768047
0.08262801
0.9229865
0.9025241
0.07658312
0.9260458
0.07807726
0.0834336
0.07503918
0.09967071
0.79657936
0.9200672
0.08041373
0.338003
0.89860547
0.9061237
0.9247992
0.073685795
0.904621
0.9085053
0.91857654
0.08559185
0.9190927
0.08110201
0.07961398
0.29445347
0.92446685
0.91980255
0.07519889
0.08430517
0.9213184
0.072000176
0.90233934
0.9250008
0.08495036
0.87231356
0.9199096
0.08054316
0.33453292
0.072535306
0.88170016
0.92822754
0.9240079
0.075716466
0.07029611
0.91432106
0.9195397
0.9018038
0.080388784
0.9084297
0.8746711
0.3078431
0.586812
0.90173805
0.17588067
0.9096997
0.09934443
0.8702341
0.92761886
0.090899706
0.88233614
0.08330765
0.9095874
0.9033499
0.92215455
0.91509753
0.071091235
0.07967916
0.17686033
0.075249314
0.08150956
0.91986734
0.07986528
0.08713281
0.09058714
0.5958017
0.8953583
0.16293585
0.88518804
0.90465605
0.0848338
0.091269165
0.90902495
0.89075387
0.915658
0.09262884
0.9207128
0.90648925
0.8315815
0.07531947
0.89570284
0.8868678
0.0772326
0.819257
0.07552847
0.87836325
0.09008333
0.9195348
0.44259864
0.7253814
0.92991924
0.07537034
0.07562566
0.9194962
0.07525936
0.07647234
0.07192227
0.8565526
0.08001885
0.076001525
0.10591468
0.9068818
0.89182746
0.09033823
0.17247912
0.91985965
0.92251503
0.93881714
0.90904933
0.8817576
0.91851175
0.08500257
0.08144134
0.07750663
0.08258402
0.29570317
0.08179426
0.9081331
0.2832387
0.07784617
0.877077
0.30424613
0.93421865
0.075565666
0.16542572
0.93472135
0.55115587
0.074028015
0.9049102
0.07533726
0.07153833
0.07738492
0.88156176
0.0731172
0.10651165
0.9216208
0.08628827
0.09106657
0.078502685
0.91083705
0.09866786
0.9233464
0.9189698
0.860548
0.8791301
0.892332
0.07511112
0.08940938
0.084869385
0.85415494
0.07320377
0.1239703
0.9257201
0.08046004
0.7722412
0.891974
0.9016869
0.078086644
0.08106491
0.12476531
0.87951183
0.9046776
0.09777692
0.8390306
0.07429305
0.073153615
0.075495094
0.08139616
0.9156798
0.075870395
0.07856849
0.08455214
0.07758328
0.08703074
0.07830164
0.21655083
0.073308855
0.89893603
0.07539436
0.89082813
0.91845965
0.07519013
0.9098152
0.085108966
0.9115789
0.91788244
0.08034736
0.9205297
0.9256288
0.07513216
0.0787766
0.90725315
0.88109875
0.91849065
0.19326869
0.8714644
0.10544208
0.07747808
0.22981583
0.8634727
0.91391754
0.9191133
0.868368
0.07212767
0.9141618
0.92086244
0.0755077
0.9032955
0.9218939
0.70791656
0.9187777
0.7063806
0.08601609
0.7600736
0.09366432
0.07528791
0.078091145
0.904353
0.0875164
0.08769384
0.92361456
0.9172771
0.918961
0.0790219
0.8937206
0.08330315
0.92307687
0.08279061
0.9209279
0.9033841
0.84049815
0.5707275
0.9227791
0.10692859
0.91854143
0.9205197
0.8690642
0.7269572
0.92084646
0.852384
0.09171924
0.9212924
0.8831369
0.9093628
0.075327575
0.8902899
0.9219918
0.08879936
0.085383296
0.9000823
0.0724996
0.80971324
0.9239591
0.09189761
0.08231589
0.07698247
0.92389935
0.07503465
0.08068335
0.076500356
0.90773356
0.4569445
0.92032135
0.9052018
0.92255926
0.07960108
0.908383
0.0746651
0.91973925
0.92039716
0.07994437
0.0738565
0.07033086
0.11967796
0.082543105
0.14307734
0.075285226
0.18909079
0.9016716
0.9236337
0.9201988
0.8578886
0.92741024
0.091608375
0.07747465
0.08583024
0.8938872
0.08466855
0.88415295
0.081844896
0.3197688
0.90773475
0.9511454
0.9275154
0.8908515
0.072448134
0.10238266
0.9233979
0.08165282
0.91835845
0.072067946
0.8754394
0.77845836
0.9071888
0.13566619
0.076485425
0.8467202
0.9280697
0.10704067
0.090568334
0.9241692
0.09418312
0.91872025
0.0734424
0.92271304
0.3578957
0.9144662
0.07575762
0.92469335
0.92347574
0.07767886
0.9184207
0.8426828
0.91415215
0.08876237
0.8454187
0.921577
0.91474056
0.09058243
0.08158952
0.9247693
0.90154696
0.075222224
0.7760213
0.91743135
0.07429469
0.11010036
0.92189
0.9221103
0.078288674
0.08016902
0.24068904
0.07562381
0.8609475
0.92086303
0.9176375
0.9248259
0.23119542
0.8976089
0.87869704
0.07953787
0.9205345
0.91873133
0.07490978
0.11755249
0.07944161
0.08574131
0.08094534
0.96538734
0.9146801
0.9273337
0.08583775
0.07626259
0.077055395
0.53312665
0.91350484
0.072479814
0.08363867
0.081841856
0.90967846
0.91890705
0.76256007
0.08359915
0.92013633
0.91858757
0.08385745
0.076001525
0.85282314
0.14025006
0.90829635
0.07858136
0.08338675
0.08273256
0.07389736
0.92574537
0.08902863
0.9026165
0.88662034
0.9220166
0.09364313
0.9296081
0.9247902
0.9171227
0.09076536
0.07475567
0.0746032
0.5954342
0.071873724
0.28469595
0.077302426
0.9197335
0.073850065
0.9233299
0.08021027
0.075752646
0.92240644
0.9094056
0.89847845
0.92453027
0.8950321
0.9126632
0.9230359
0.08057639
0.7520222
0.07752141
0.07191256
0.9221601
0.9231986
0.2879926
0.08558154
0.5277064
0.0727779
0.8779944
0.8017832
0.082716614
0.08094302
0.8901906
0.07499638
0.87132895
0.08854896
0.3717562
0.07533041
0.07562101
0.0972994
0.5644331
0.91841626
0.078048795
0.08071533
0.9184487
0.15430364
0.07818845
0.9415727
0.07985437
0.8916255
0.17962861
0.08702588
0.88957965
0.927353
0.091817886
0.9238571
0.8777629
0.8845558
0.88854444
0.56081873
0.07201865
0.9226744
0.8884274
0.08641082
0.098520696
0.08396277
0.08099243
0.77690196
0.07248941
0.09533924
0.07450098
0.12942609
0.6652386
0.0838514
0.07810202
0.9012395
0.91283906
0.87322843
0.9193578
0.09587312
0.08043349
0.08095759
0.09374356
0.91905713
0.91734755
0.92006576
0.8740596
0.9197478
0.07392898
0.07572946
0.9227108
0.07509276
0.6877466
0.077382356
0.1020205
0.08241996
0.0758073
0.088226646
0.07869497
0.080308765
0.7519649
0.39488292
0.10444537
0.9341662
0.08020571
0.76266706
0.08948293
0.095140934
0.08289313
0.07390869
0.09190154
0.9221313
0.15337372
0.88363856
0.0771327
0.074495256
0.9144688
0.9205696
0.86743987
0.9288814
0.92551243
0.08184457
0.08147183
0.09717709
0.15268543
0.124860466
0.9231849
0.9137694
0.9198526
0.0818218
0.0742003
0.9287425
0.17412758
0.14370859
0.9209055
0.908458
0.90337485
0.92351043
0.1952272
0.91784966
0.076143324
0.756822
0.076131165
0.08581856
0.07683298
0.9157298
0.9203204
0.91533315
0.07967517
0.4824856
0.6435914
0.08329144
0.9205171
0.9200599
0.078076065
0.09267321
0.9337678
0.117672324
0.7253399
0.90638065
0.07475877
0.07320163
0.08258563
0.11707029
0.09413606
0.9247215
0.078159094
0.9240705
0.075107306
0.6245096
0.17676571
0.9219845
0.90586114
0.8744093
0.074907035
0.09807378
0.07945913
0.9183644
0.07890952
0.0741753
0.09280154
0.07522535
0.71174896
0.9267715
0.6137737
0.92538506
0.91520286
0.09306657
0.25727367
0.27118397
0.88968676
0.076147735
0.9106823
0.9232851
0.07205087
0.94223934
0.080394804
0.082034916
0.9065628
0.07652506
0.07190272
0.7120613
0.91714007
0.91320777
0.9215013
0.18930641
0.9174997
0.9192798
0.9199501
0.8761443
0.07541725
0.9250654
0.9107859
0.92527544
0.10501471
0.91212225
0.080432296
0.90628827
0.91676533
0.94105077
0.9215192
0.07412854
0.91865724
0.0902645
0.09150183
0.91915035
0.75698566
0.6305822
0.9206736
0.9020526
0.9169888
0.07771313
0.0706484
0.075825214
0.083979905
0.8845902
0.9032769
0.072395116
0.86975247
0.9026348
0.08150953
0.14767903
0.27525687
0.074909925
0.91108
0.92578614
0.88678324
0.9208234
0.89575195
0.31478238
0.07823387
0.9214616
0.8457266
0.105091184
0.094619155
0.92420816
0.076021224
0.08778724
0.92190766
0.702844
0.9229559
0.91909575
0.13651246
0.9206952
0.10598326
0.9221767
0.91490304
0.9242501
0.92309535
0.8836205
0.07953012
0.11897555
0.91918015
0.88668907
0.49271697
0.90176654
0.9195967
0.92773867
0.09844586
0.9159843
0.082425594
0.07652336
0.08244991
0.93526894
0.12591407
0.92056024
0.9202179
0.0812749
0.0737758
0.9137749
0.07313886
0.8950189
0.9211613
0.8904264
0.078736395
0.08403176
0.9122198
0.9089469
0.9045044
0.08477613
0.15482
0.07842016
0.075647265
0.08163872
0.08264008
0.42789006
0.07328439
0.90462494
0.9173428
0.07858536
0.5847998
0.08650237
0.075309575
0.9144056
0.07464245
0.07859817
0.07209337
0.91659343
0.076207906
0.07651949
0.917996
0.07227439
0.07246119
0.87263024
0.074001044
0.07314086
0.91861254
0.9245642
0.11304888
0.9219508
0.07777238
0.07456419
0.07630786
0.07190114
0.9197783
0.917125
0.9170646
0.1507532
0.08054507
0.0751642
0.8795506
0.07541585
0.07651636
0.09096697
0.8789572
0.8949857
0.9196658
0.9112126
0.90688914
0.9009422
0.07555428
0.082845956
0.9256705
0.0737569
0.07533175
0.922483
0.89133406
0.92654896
0.078900725
0.9275352
0.07225689
0.15282491
0.917697
0.079588264
0.89007616
0.0740816
0.07525948
0.078499764
0.071849644
0.9155803
0.88863117
0.0754236
0.08731532
0.084168285
0.9140285
0.9173585
0.07592258
0.9253557
0.078983724
0.8853461
0.8780416
0.39571854
0.07690492
0.13190025
0.073284894
0.9230323
0.34660494
0.91871345
0.07372838
0.905264
0.914938
0.074922204
0.07890928
0.9096537
0.08936709
0.07951695
0.8701372
0.11193603
0.12826526
0.07632539
0.88917875
0.92322
0.08085126
0.074065626
0.07575759
0.07555926
0.083295435
0.9195101
0.9188194
0.84079796
0.92291415
0.889196
0.07174519
0.8995379
0.91440904
0.07647964
0.07579285
0.12643245
0.9244088
0.8268859
0.077301264
0.90724945
0.8713669
0.1894778
0.2795133
0.07389414
0.88980144
0.89924455
0.075514615
0.9180499
0.5767916
0.91802573
0.08543861
0.87806624
0.62216175
0.4309488
0.107605964
0.0751923
0.07337043
0.91754365
0.92167985
0.08067343
0.071936965
0.91997635
0.08880386
0.9186386
0.076400965
0.924645
0.9272818
0.07951477
0.9225367
0.8911091
0.23974861
0.079544544
0.87600553
0.07613686
0.080080986
0.08080599
0.08936438
0.923054
0.90915143
0.072776824
0.9159461
0.18823567
0.07509804
0.07460067
0.89042336
0.075371236
0.082114846
0.9236423
0.07067436
0.075570434
0.8838415
0.8781247
0.07949063
0.8651846
0.075596005
0.8413517
0.07524699
0.9200617
0.9175914
0.09295687
0.9198375
0.19187635
0.07555148
0.077026725
0.085709006
0.8999814
0.9233953
0.08743289
0.07810864
0.09115726
0.096600324
0.87887955
0.91860044
0.9205085
0.07768986
0.07591587
0.09401104
0.100575775
0.09611496
0.07570568
0.08116305
0.080685616
0.9212434
0.07069495
0.28965488
0.92470443
0.8775362
0.9230281
0.08166179
0.08235964
0.07616371
0.075424254
0.8412826
0.9182956
0.08521932
0.9131814
0.9191596
0.9255505
0.07539013
0.08173087
0.07540369
0.08072126
0.9041217
0.08255792
0.92362213
0.106782466
0.0796504
0.4100077
0.89950055
0.9267216
0.9079893
0.19126073
0.88717055
0.18678984
0.9029417
0.07441062
0.07369003
0.9085859
0.89882326
0.9265309
0.9208027
0.07853833
0.08976257
0.8810903
0.136664
0.87774277
0.90949374
0.09362656
0.9208212
0.8901775
0.081273735
0.9174242
0.7259544
0.9193949
0.9106587
0.920382
0.92059773
0.09167886
0.92118824
0.63556606
0.9223174
0.91984355
0.9340675
0.07896519
0.07153833
0.88617843
0.07535538
0.79184234
0.90893334
0.088998556
0.07239765
0.9072938
0.92146105
0.85338724
0.09070501
0.07370159
0.13865972
0.07869226
0.075772494
0.9227412
0.6733795
0.24810524
0.08081028
0.0790472
0.9194615
0.9159851
0.91359746
0.08461937
0.08381656
0.90055966
0.8688433
0.07936838
0.14326087
0.09078342
0.913108
0.08534655
0.881312
0.91078556
0.9128096
0.76836693
0.9256451
0.8626014
0.9232508
0.09150332
0.91456985
0.90230525
0.9226059
0.8029186
0.08274108
0.1351794
0.8870775
0.074517876
0.070803314
0.92644787
0.08130056
0.07528755
0.07282248
0.85473603
0.075280696
0.08574396
0.922737
0.073651314
0.086413205
0.08950621
0.6262709
0.921555
0.6209984
0.07522604
0.08275488
0.07574904
0.90257245
0.9125488
0.92448354
0.07433587
0.9195869
0.91786593
0.08031851
0.076413274
0.91849685
0.07188001
0.07390925
0.86502683
0.0827257
0.93079406
0.08715567
0.07994801
0.07311109
0.84822774
0.89973706
0.8352711
0.93325126
0.16859263
0.9311948
0.09790483
0.07528368
0.8862872
0.09166247
0.07691026
0.07845086
0.10455218
0.92161417
0.08243206
0.07610285
0.9039911
0.91464317
0.9228112
0.07432529
0.8685864
0.07848087
0.08997077
0.08574921
0.077442825
0.86875254
0.074802935
0.5527528
0.92102826
0.07840097
0.069892436
0.07327756
0.07705334
0.09214342
0.07670489
0.17706409
0.90901923
0.9124347
0.9188232
0.7157254
0.07692048
0.8992941
0.921612
0.07512492
0.91908264
0.8957826
0.9163163
0.92045593
0.91878855
0.66283876
0.9081856
0.9245701
0.09499669
0.8293433
0.07476035
0.9217019
0.9195223
0.074469596
0.08627394
0.6928177
0.73151517
0.92721057
0.9179758
0.09627402
0.07557616
0.91535187
0.07371521
0.9036827
0.08715713
0.1425173
0.9303044
0.08219424
0.0790644
0.073967546
0.07871741
0.071861535
0.9183563
0.9207062
0.89560986
0.07327512
0.9159738
0.076446
0.9227652
0.89740086
0.8907648
0.0918684
0.9007801
0.08276042
0.09178123
0.094419
0.92558694
0.087485254
0.92603517
0.9251673
0.891611
0.8902323
0.09351009
0.8883594
0.08623028
0.081237525
0.9079592
0.07377347
0.91816014
0.07680264
0.34654284
0.9125488
0.8966603
0.08712605
0.07932958
0.079479575
0.07398972
0.7710917
0.882893
0.9214119
0.3757028
0.6185837
0.9190086
0.08639711
0.09982008
0.082056254
0.08212465
0.08019617
0.90486884
0.90576094
0.9178443
0.08924547
0.9126723
0.08671892
0.08567062
0.0704326
0.082719386
0.90088546
0.91950107
0.07739368
0.07881448
0.0752264
0.077560514
0.9086062
0.92357814
0.27514988
0.07591778
0.07686603
0.90674067
0.080361456
0.08771178
0.9242769
0.89322716
0.9224489
0.08255753
0.8560101
0.9176718
0.62216794
0.90409493
0.9272716
0.07540125
0.07969257
0.5698165
0.92235863
0.09661248
0.8943628
0.0756363
0.10124639
0.074846566
0.07535219
0.9180456
0.087611645
0.9052334
0.77288544
0.9206824
0.9005369
0.079119146
0.9110362
0.07391742
0.88533026
0.8892846
0.07269627
0.9194011
0.92099893
0.8829969
0.07496196
0.92539454
0.08110294
0.9231769
0.9066027
0.1068061
0.17134982
0.08166155
0.922741
0.8731726
0.91959846
0.08394951
0.9263705
0.110132664
0.92318475
0.9220482
0.10745481
0.92281216
0.9257275
0.5720032
0.08167392
0.072897404
0.92043173
0.918681
0.25754794
0.85954374
0.09248412
0.0821462
0.09329611
0.07572961
0.9146768
0.07547134
0.88545394
0.08271003
0.5386281
0.90502477
0.07277298
0.5237856
0.8858757
0.07860941
0.2107264
0.19371438
0.92185646
0.07522535
0.9213491
0.88284314
0.07541725
0.10441512
0.8923984
0.07525009
0.880513
0.9110875
0.07332343
0.2691866
0.9123182
0.22285226
0.9251021
0.90730006
0.08008817
0.9240918
0.90391445
0.7712387
0.9058598
0.9207345
0.07862455
0.07657194
0.28412318
0.9185124
0.90267134
0.935781
0.08705169
0.9185722
0.92017543
0.91842103
0.07845798
0.92054605
0.07858047
0.19143969
0.07813835
0.91641176
0.9063405
0.9172878
0.09490898
0.88562286
0.8591664
0.8865379
0.92150843
0.07925373
0.09306848
0.107883245
0.09109226
0.92582417
0.080275565
0.91476643
0.9413153
0.9038024
0.932238
0.9266402
0.18749443
0.9118302
0.08869365
0.9220998
0.87573725
0.07211548
0.07550961
0.934672
0.85073316
0.10180697
0.92663264
0.9134028
0.91248065
0.08875567
0.08096114
0.9111365
0.081641704
0.078473866
0.9253048
0.9196423
0.07786697
0.07999894
0.77863073
0.084745616
0.8699917
0.07554132
0.9274694
0.4803032
0.09498027
0.90148914
0.89661217
0.92084736
0.07990086
0.92693
0.86667824
0.21718395
0.0754143
0.084323704
0.0746097
0.9122857
0.08640325
0.91469216
0.8979279
0.90208685
0.11156419
0.9199748
0.92271435
0.10268068
0.12409654
0.91201395
0.09382668
0.07311857
0.9208516
0.073996544
0.078066766
0.91960573
0.91954803
0.07610533
0.93254626
0.6152865
0.91574216
0.8968853
0.07516822
0.8484567
0.89450514
0.075600296
0.92742556
0.77797335
0.8780979
0.9177499
0.0767782
0.10275772
0.9020713
0.9196801
0.8931246
0.08268413
0.08041239
0.0884479
0.07395518
0.08797076
0.07854223
0.07139933
0.07960603
0.90627843
0.9264114
0.9215286
0.07247332
0.8979746
0.91921407
0.91021776
0.9258715
0.9144697
0.85700303
0.92283285
0.07587865
0.081816435
0.86880404
0.15203118
0.07880449
0.88205266
0.9197571
0.92181075
0.91763306
0.921438
0.92754716
0.1113542
0.08541942
0.070063025
0.922631
0.07188541
0.5529916
0.08494446
0.7653644
0.08295435
0.073904365
0.9182906
0.22597352
0.91286445
0.09124631
0.07792267
0.874612
0.9229375
0.90399957
0.9200202
0.898957
0.8940036
0.07390255
0.079220265
0.9254012
0.0825403
0.89018583
0.92362654
0.83268535
0.07841566
0.9096749
0.79987407
0.85693276
0.0751681
0.92156494
0.12112647
0.9227524
0.85366964
0.9115006
0.55546176
0.075240076
0.08914113
0.8717694
0.08740297
0.90965676
0.079751045
0.075377464
0.90869796
0.91826344
0.9256344
0.9123833
0.92199445
0.7686374
0.07484248
0.90436006
0.84403205
0.09109855
0.6513389
0.26453114
0.920381
0.086292624
0.9302617
0.9119993
0.8681253
0.18525225
0.082351506
0.90737784
0.9257792
0.07309133
0.9175161
0.3278601
0.073215485
0.9195913
0.10077894
0.07389718
0.07903001
0.9049351
0.86669165
0.7718046
0.9251119
0.07132602
0.07994041
0.09798765
0.07125014
0.07393575
0.077085644
0.07577968
0.080522895
0.8677931
0.079479784
0.9063896
0.9212334
0.36123767
0.07392746
0.9341696
0.07891482
0.9259825
0.07877323
0.9209485
0.08130804
0.07475671
0.07548663
0.0806579
0.91649556
0.08721036
0.27857018
0.08415535
0.0759106
0.6636291
0.92400646
0.08160454
0.9142052
0.0874818
0.07557055
0.17994496
0.08291119
0.07825491
0.9241569
0.8053993
0.086557955
0.8664294
0.92407274
0.07899183
0.07399675
0.9235187
0.07475361
0.07460648
0.08181885
0.9233811
0.085722834
0.9102478
0.90086555
0.55986965
0.09627098
0.90538526
0.8401792
0.13177118
0.08805522
0.9115071
0.079499066
0.075341195
0.07249224
0.8905709
0.91343343
0.91973853
0.08392292
0.09757778
0.075372875
0.07643908
0.48972887
0.08705971
0.12935492
0.83781147
0.8697402
0.9209335
0.9228196
0.8740054
0.074374616
0.9003048
0.9178834
0.08958709
0.07661998
0.07711929
0.07420704
0.34860092
0.92059594
0.07539284
0.868484
0.075289905
0.07519427
0.9146315
0.9174653
0.08640924
0.92440593
0.080002844
0.08666623
0.90372914
0.1391232
0.076333344
0.075739324
0.1371662
0.91318405
0.9161165
0.920707
0.86730516
0.9011754
0.8713797
0.089573056
0.09093851
0.07530978
0.89455163
0.9085974
0.90996075
0.07541558
0.91609704
0.9243947
0.9207815
0.91861296
0.07625854
0.089701355
0.92164934
0.16829818
0.07168582
0.9244499
0.08944383
0.9181671
0.79863846
0.073274404
0.08113912
0.0751898
0.91988087
0.9008573
0.07712588
0.92847186
0.23192808
0.9044105
0.09873173
0.0815503
0.07536352
0.8699322
0.6563652
0.07641664
0.92825776
0.8806118
0.9074804
0.9228089
0.9165597
0.07966331
0.9195877
0.90798527
0.07888588
0.08979383
0.92589176
0.9135912
0.9240649
0.075490355
0.081715554
0.08447927
0.9171118
0.9248379
0.8892006
0.12661898
0.92385596
0.92508054
0.919451
0.9234586
0.80031025
0.07135528
0.0741677
0.086972386
0.9213401
0.07943469
0.9335172
0.0781503
0.887516
0.1154584
0.8994609
0.081427604
0.075579315
0.7223865
0.07282993
0.45323873
0.8806116
0.5619184
0.074014515
0.20126772
0.08584231
0.20086646
0.8538598
0.9224534
0.9209216
0.91911304
0.0773561
0.33940005
0.08640757
0.92158103
0.90766734
0.09178704
0.0730983
0.9070561
0.8564439
0.11407581
0.9051353
0.084869176
0.9117845
0.91926324
0.91874903
0.9232501
0.08044481
0.91544056
0.8839483
0.075404525
0.123108804
0.08843598
0.07206318
0.075412184
0.8797996
0.08316612
0.1100142
0.9310525
0.9245081
0.8615522
0.09295905
0.923368
0.92582345
0.0754264
0.07837218
0.9200008
0.60579747
0.075078964
0.14674696
0.08167142
0.8766852
0.93479264
0.31733447
0.082662255
0.9211477
0.07865086
0.7769527
0.08305675
0.1977365
0.92114604
0.90495443
0.58261615
0.0767017
0.07688287
0.9205802
0.9397462
0.88522595
0.070114344
0.9115263
0.9083463
0.08118537
0.9129673
0.074970245
0.07913837
0.07526332
0.07594314
0.0801895
0.91233456
0.07613182
0.9204006
0.0755606
0.07517558
0.07958692
0.32781965
0.8926277
0.082081705
0.9291661
0.07923052
0.90338117
0.18072772
0.92047226
0.901462
0.92608666
0.89388764
0.083880246
0.64319324
0.9236125
0.078561485
0.9230128
0.89228445
0.07041791
0.9168652
0.08355728
0.118603855
0.079705566
0.081844896
0.075645745
0.884531
0.08475453
0.073432
0.88061976
0.081832945
0.94117916
0.0735859
0.37230277
0.40964186
0.9186772
0.07469225
0.8887278
0.5570631
0.92084754
0.0823603
0.92548215
0.91808146
0.6846487
0.92233354
0.92477494
0.084383816
0.09671372
0.918666
0.075424254
0.10611412
0.9236434
0.081201494
0.92117417
0.08865902
0.08116937
0.08233595
0.8976634
0.43317172
0.7656157
0.9228873
0.9179525
0.08727589
0.9185339
0.90116537
0.90512335
0.9235531
0.91440827
0.91916764
0.07780087
0.07552591
0.081581
0.08003703
0.91068417
0.08477345
0.66865826
0.075817585
0.93173647
0.074349225
0.9262818
0.08782157
0.13642061
0.68690896
0.91809136
0.9200082
0.07120857
0.23465501
0.87965775
0.10456005
0.07297391
0.09855986
0.08147445
0.91119903
0.9202492
0.07562718
0.84377414
0.07931012
0.9196818
0.9220044
0.91997766
0.3473183
0.92081565
0.07966533
0.07080674
0.0903694
0.9139627
0.13648522
0.07873666
0.8880701
0.8974073
0.072093576
0.08578405
0.9260657
0.07624018
0.07616928
0.9248114
0.92298675
0.9190998
0.09233296
0.07526156
0.0948731
0.07765573
0.08068618
0.07885912
0.916598
0.07584831
0.91995525
0.07595876
0.8245698
0.09290576
0.92272776
0.7638937
0.91921425
0.883036
0.91882014
0.07175684
0.07531911
0.885999
0.8593867
0.8695644
0.92155164
0.07897842
0.07291338
0.9129634
0.91956794
0.078621835
0.08917105
0.8594611
0.08224809
0.121625125
0.07896456
0.07464701
0.07194731
0.2335614
0.13247928
0.0844529
0.9229979
0.12898344
0.07596457
0.9214984
0.89757013
0.0810962
0.07724655
0.80470395
0.076090306
0.92162514
0.09860039
0.07766214
0.07320085
0.101163894
0.078421205
0.5807604
0.9306821
0.08848503
0.9219122
0.9184599
0.86379063
0.91970944
0.89783573
0.93983495
0.098211795
0.07276797
0.07782322
0.088735074
0.07308149
0.916144
0.78322804
0.4463581
0.85884356
0.40188143
0.12147966
0.92206335
0.92973614
0.87066495
0.080391794
0.07852775
0.91273
0.07733464
0.91801316
0.9209415
0.07503867
0.9201714
0.89006054
0.9238538
0.0806039
0.070237756
0.91401404
0.10062364
0.9213896
0.075514615
0.9052112
0.9185245
0.0810487
0.08745715
0.06996882
0.07625055
0.07527208
0.91751146
0.107598305
0.83495986
0.09331706
0.9049678
0.90812767
0.07533929
0.07178238
0.072185606
0.9153496
0.07472566
0.872897
0.9205109
0.89915645
0.9001794
0.8971167
0.076108664
0.07522553
0.90165865
0.9289942
0.7509372
0.9076238
0.114705205
0.91763806
0.074233055
0.13930574
0.9051385
0.30368584
0.67257696
0.6047486
0.8629465
0.9253379
0.47393486
0.9192582
0.9055073
0.9203204
0.1039882
0.9014719
0.8812952
0.88927716
0.07221332
0.91776985
0.10787934
0.07401997
0.07558569
0.07896894
0.8969394
0.91346514
0.9262101
0.922933
0.87561965
0.6629597
0.07619855
0.8973906
0.9233763
0.9206887
0.9196075
0.92190063
0.075443596
0.9191308
0.07541284
0.1265099
0.90379053
0.22998318
0.908551
0.9218308
0.08335757
0.2671197
0.08802831
0.07579145
0.07754445
0.078413665
0.07107937
0.9161631
0.91998637
0.08579299
0.07077971
0.089062154
0.92192554
0.07507315
0.9339847
0.07400116
0.08319229
0.7739533
0.072156936
0.9225215
0.92230487
0.9193314
0.12324715
0.8521138
0.8536045
0.9252157
0.91981435
0.07874966
0.92360884
0.9200507
0.07824537
0.07324907
0.07371837
0.08969709
0.9203055
0.92156875
0.079428405
0.860152
0.8970715
0.092950374
0.9251431
0.8966261
0.08477345
0.14953971
0.11176708
0.07547113
0.888839
0.0752964
0.07686019
0.91793513
0.90609914
0.9213139
0.08092299
0.072294325
0.07930225
0.07881448
0.08528605
0.9018477
0.8842728
0.0772855
0.075320005
0.9099394
0.8134657
0.8827894
0.9154277
0.07755384
0.07101604
0.8635826
0.075005025
0.9221376
0.07262078
0.9167932
0.075963855
0.08426115
0.91845876
0.919912
0.8789995
0.081005335
0.07518956
0.9240742
0.9277468
0.085654825
0.9206235
0.89422536
0.07421699
0.9248104
0.9124466
0.8878274
0.07192695
0.072702974
0.075080216
0.9266004
0.8599776
0.08212766
0.0724037
0.91852003
0.4870245
0.911767
0.0714384
0.91774964
0.9145485
0.07616928
0.16957209
0.9338209
0.93016535
0.92388296
0.9179429
0.07927519
0.08234146
0.9010197
0.10139692
0.0801512
0.08714795
0.11189178
0.92564356
0.90989035
0.07761532
0.91874367
0.073970616
0.8827278
0.08610347
0.92267203
0.90930194
0.084915936
0.9175257
0.92189103
0.86990297
0.90438807
0.08114448
0.17005861
0.07699129
0.9375948
0.08053842
0.074641824
0.08464441
0.92435926
0.073363125
0.08382049
0.077543825
0.9077328
0.82302105
0.9191178
0.925843
0.93131435
0.09342319
0.92846906
0.9214073
0.90498173
0.08112475
0.0746001
0.07563105
0.9109406
0.11699292
0.07022914
0.8944911
0.073167264
0.0753091
0.08196309
0.86782676
0.9224994
0.90648997
0.92416203
0.75610447
0.08027148
0.091635376
0.07951194
0.92199564
0.07682243
0.075360626
0.93117684
0.070765436
0.08240527
0.17153925
0.46453643
0.07563245
0.08428043
0.10401523
0.24923371
0.07517314
0.07905364
0.18516871
0.87909347
0.07146743
0.7968904
0.9229152
0.07096374
0.37641954
0.8933109
0.07320163
0.91352326
0.8930129
0.9248712
0.07098648
0.8646221
0.8688739
0.082140744
0.92371345
0.07532114
0.10257724
0.082193464
0.9256988
0.8173076
0.08117041
0.92122096
0.9220296
0.91092443
0.07670146
0.075587004
0.07936156
0.09001112
0.887871
0.08117446
0.076799124
0.9199863
0.08598739
0.911286
0.8788643
0.07530269
0.8778821
0.90515226
0.07745463
0.9243873
0.90967524
0.074977905
0.07997015
0.869437
0.92298687
0.9080182
0.07205647
0.9220081
0.87790704
0.91794443
0.9159083
0.89075136
0.0754922
0.09890661
0.07530224
0.92357266
0.20483235
0.08845931
0.86575145
0.92117894
0.080284566
0.9297571
0.92097425
0.076756924
0.070676
0.075369
0.8768712
0.914609
0.90976864
0.07505506
0.3166045
0.8551744
0.90640426
0.8386711
0.08932707
0.07085404
0.082398504
0.9149321
0.0842284
0.07545245
0.08477208
0.91815126
0.91927385
0.92289114
0.07903218
0.67837363
0.08949116
0.92103815
0.07548681
0.9196099
0.07752967
0.9296181
0.093587965
0.92398596
0.9197042
0.07848379
0.07777622
0.07231948
0.92017615
0.070775
0.917417
0.9096189
0.13177153
0.927196
0.92816925
0.9216672
0.07564539
0.2018505
0.09230316
0.075348616
0.9107347
0.07324961
0.92160803
0.07600814
0.9193505
0.073456466
0.09012911
0.9200398
0.9232515
0.920951
0.07908946
0.9063505
0.097246826
0.08980039
0.87262464
0.57112694
0.0762603
0.91318476
0.92051184
0.9136901
0.11117074
0.92119616
0.8884357
0.9219675
0.93475187
0.07770878
0.91587734
0.9208368
0.106464714
0.3017121
0.92323077
0.08617452
0.9130733
0.8915061
0.18504187
0.91946346
0.9064071
0.86060977
0.07404405
0.07802826
0.9177955
0.07639569
0.078879714
0.073895454
0.08546257
0.08383158
0.9082885
0.90380627
0.074097484
0.07279399
0.9057298
0.32577246
0.9061413
0.861934
0.91797245
0.9208522
0.93170166
0.80308056
0.9220188
0.11057451
0.9206552
0.075344115
0.10614422
0.9305631
0.51589924
0.07298237
0.9049444
0.2589812
0.07758814
0.9186741
0.07521334
0.088079065
0.07533789
0.9068687
0.08152804
0.92118263
0.21774827
0.08076784
0.079435915
0.90138793
0.6363975
0.2710135
0.92409843
0.90368307
0.89972067
0.08026904
0.82157505
0.9172194
0.9207358
0.8809172
0.2355737
0.073111266
0.90696025
0.9241904
0.9272253
0.9106531
0.6940334
0.11455321
0.085974395
0.07631481
0.08018786
0.071712285
0.088158965
0.92379105
0.07466379
0.9030499
0.19397154
0.07642108
0.111480266
0.12153855
0.91794324
0.9212147
0.8675332
0.077590704
0.0766187
0.08204332
0.07761994
0.098615676
0.9221873
0.9247049
0.28412622
0.90583074
0.075657755
0.60846716
0.20092312
0.11205745
0.22786525
0.07399094
0.9014363
0.075315684
0.9189774
0.0792214
0.08160269
0.07630208
0.84442747
0.097664654
0.07411304
0.088764876
0.08804813
0.89464945
0.086886585
0.7881635
0.07335222
0.077889055
0.07806349
0.3427895
0.11282155
0.93872225
0.07212621
0.8935838
0.075356334
0.85804737
0.07160461
0.9228145
0.9225497
0.86762774
0.90294254
0.9229083
0.0776656
0.9201236
0.8815807
0.07515067
0.9285989
0.09290379
0.07237342
0.115860134
0.85207343
0.9168837
0.08163774
0.07545155
0.07577741
0.17635265
0.9179033
0.080690145
0.07855761
0.08330935
0.91768134
0.9218228
0.93963754
0.9240767
0.9058598
0.076308966
0.9383873
0.9277673
0.08249959
0.09015003
0.07536563
0.086651266
0.13521826
0.070861965
0.08517918
0.0752494
0.075285345
0.880816
0.07592264
0.91855156
0.08289456
0.9166926
0.8797899
0.15580174
0.08545372
0.880317
0.902189
0.74919605
0.24046697
0.12193954
0.07476807
0.077488035
0.83543444
0.07924643
0.9204959
0.9231044
0.9199484
0.9093442
0.20078665
0.9015829
0.07598272
0.08198735
0.91715807
0.09732726
0.07984853
0.92457473
0.92254484
0.9247661
0.6178871
0.92161214
0.08410755
0.09105113
0.9120811
0.8967424
0.075689584
0.103729546
0.09992212
0.92124414
0.07923755
0.9123552
0.078651786
0.07336289
0.9144975
0.8656094
0.9049256
0.07864955
0.88644177
0.08662361
0.07777873
0.15233406
0.29478788
0.086266905
0.3533596
0.1411008
0.91858184
0.078374386
0.11270675
0.09251353
0.9177203
0.07519686
0.91019535
0.17853937
0.085074365
0.08001876
0.92261064
0.08647376
0.07369962
0.08928916
0.07508278
0.9178519
0.0888311
0.072053075
0.08276546
0.072597414
0.91610545
0.872727
0.071288794
0.9250624
0.15115318
0.89209723
0.079925716
0.9137486
0.07642847
0.08781925
0.07528332
0.8766408
0.92658734
0.08460447
0.62098193
0.08066425
0.92087466
0.08564839
0.08674234
0.075264394
0.9213835
0.86867976
0.56834495
0.92432916
0.076794505
0.1363953
0.8852576
0.8517637
0.08534145
0.077562094
0.90213054
0.08592123
0.90054864
0.07488704
0.07127264
0.07635844
0.922031
0.91845167
0.099057406
0.07676929
0.089334756
0.92461514
0.91941714
0.08655706
0.08498362
0.9213222
0.8799885
0.90905887
0.87827533
0.91856384
0.09012592
0.20446676
0.09412426
0.9132551
0.9218463
0.076652646
0.90653604
0.0793699
0.07689449
0.07704234
0.13220957
0.9218278
0.92329496
0.8936335
0.8170438
0.076717556
0.83887994
0.9202562
0.75868684
0.919803
0.84078383
0.42627275
0.073759705
0.92431545
0.904124
0.08162901
0.0805307
0.07629493
0.5172043
0.92146564
0.3179313
0.075353116
0.08351734
0.07224679
0.07551339
0.087171525
0.91403234
0.08417079
0.07244012
0.872115
0.08073211
0.9160896
0.3993703
0.9174669
0.9102015
0.9053836
0.88532704
0.91823924
0.8923662
0.07334116
0.09203237
0.09392756
0.7839793
0.07548216
0.92321086
0.9104764
0.91980714
0.075704366
0.07991463
0.9308053
0.08442232
0.9017842
0.09116468
0.092098385
0.10661471
0.105634004
0.87827563
0.87198126
0.43010336
0.92424107
0.92867196
0.089065224
0.9139391
0.4274753
0.0884341
0.8753035
0.07933277
0.09493926
0.07567486
0.07503939
0.07148966
0.07767168
0.0878388
0.924229
0.9147425
0.07402295
0.07597181
0.91207623
0.9199285
0.08327347
0.79777056
0.9385123
0.9225948
0.07542658
0.0708698
0.9076115
0.9257818
0.073465675
0.9254637
0.39583308
0.91775084
0.92226774
0.88735837
0.5592715
0.867314
0.25966585
0.8768133
0.91205096
0.08526701
0.92417836
0.9213596
0.89961076
0.92108274
0.896958
0.9149289
0.53460616
0.08730483
0.075372875
0.7105849
0.88816667
0.0768379
0.06985453
0.8772824
0.9299971
0.8848809
0.07862759
0.9180012
0.081098616
0.08339843
0.3334329
0.0750266
0.9126999
0.07239246
0.43246746
0.08285755
0.08022088
0.072535306
0.53962594
0.07545507
0.07420549
0.07219532
0.13466358
0.07681075
0.072089136
0.2056752
0.0801675
0.078956544
0.10330409
0.12624562
0.95804536
0.105909556
0.07386184
0.91330594
0.07986429
0.07545599
0.14056098
0.09139496
0.9198763
0.49432418
0.91461504
0.9204438
0.91942483
0.07525554
0.9043633
0.08675766
0.92535985
0.9201778
0.9018419
0.07886562
0.082231134
0.30019218
0.8815907
0.91235983
0.92185634
0.07463595
0.077419996
0.082087904
0.8819126
0.92038465
0.8830924
0.07689646
0.07539323
0.92118245
0.086877555
0.07512206
0.08113158
0.91426027
0.52066743
0.08049211
0.093869686
0.8708916
0.90936947
0.92551756
0.18820947
0.91460615
0.9190825
0.08816478
0.09228018
0.9091852
0.11477068
0.090010405
0.073771864
0.9289993
0.077400655
0.91936076
0.07315642
0.09008452
0.9216765
0.075149596
0.85573345
0.07601461
0.079535425
0.91923827
0.082212746
0.9261722
0.072523385
0.9204682
0.09394467
0.07510719
0.90935516
0.9217744
0.50239843
0.094640315
0.90795606
0.08002564
0.89450365
0.9240055
0.079024285
0.91887057
0.14194256
0.90177333
0.5988447
0.0776428
0.0737834
0.07852206
0.09025851
0.07594705
0.92019665
0.91760397
0.9154624
0.12017307
0.31102967
0.91674215
0.92565286
0.21435693
0.08971411
0.07690117
0.08166027
0.91708076
0.90404236
0.45283696
0.8051932
0.073480725
0.085317165
0.92449963
0.076458365
0.0788641
0.81106865
0.90194714
0.087376565
0.077596486
0.2312551
0.07775554
0.31009972
0.9201062
0.0750989
0.9178655
0.07321519
0.91290593
0.079773515
0.07875916
0.91960067
0.10624021
0.08860421
0.08785808
0.17082518
0.11681795
0.8800322
0.9071082
0.9162369
0.9206239
0.0784761
0.9261631
0.08165541
0.92410946
0.4046002
0.09160471
0.9224153
0.07506508
0.12994578
0.07237193
0.071106374
0.08810222
0.9199437
0.9004364
0.9248518
0.07527906
0.92201084
0.90446275
0.92374235
0.080902666
0.9224585
0.07252562
0.07512206
0.9200063
0.9156741
0.073863
0.073129445
0.0955376
0.16842377
0.076646864
0.07788929
0.70703226
0.08600479
0.9227625
0.072262555
0.07923949
0.09014067
0.080777526
0.07459018
0.3360435
0.8748143
0.07773185
0.9080777
0.9184526
0.9275973
0.23399062
0.086069256
0.9209472
0.9176798
0.08521658
0.9280187
0.9228542
0.9214024
0.91878116
0.66821367
0.92038107
0.9164233
0.9076548
0.9121597
0.9207877
0.88110155
0.90141594
0.112440765
0.08521652
0.8865058
0.881349
0.07210645
0.0921011
0.920093
0.9205001
0.82316184
0.91981554
0.89788467
0.22630186
0.087789774
0.842762
0.5042194
0.07866934
0.8255232
0.90117705
0.07254666
0.6063304
0.07291353
0.9183301
0.07919237
0.50250244
0.0692119
0.9253656
0.071731955
0.090100914
0.91311896
0.074469596
0.91976464
0.091041476
0.9011152
0.8632293
0.22056559
0.070578635
0.91305405
0.07802668
0.91808295
0.9163972
0.09989607
0.9095732
0.9031521
0.07499486
0.90756834
0.07508278
0.91839767
0.9140991
0.07430616
0.87296236
0.9177356
0.7816578
0.07432774
0.14690852
0.9216158
0.0754638
0.84604037
0.9231086
0.10544351
0.081000715
0.8762163
0.92389524
0.92425084
0.9094837
0.92114246
0.070417106
0.9269631
0.084165186
0.32219678
0.8556483
0.07778177
0.9192014
0.63746774
0.078879744
0.8537741
0.90822697
0.8901524
0.8854551
0.92846954
0.0748671
0.92314804
0.91138756
0.081844896
0.9058609
0.12627059
0.0751642
0.9171933
0.07490888
0.9174669
0.08234063
0.916234
0.07851252
0.09212598
0.07288003
0.07180768
0.082579315
0.5436803
0.13364026
0.9072355
0.10502079
0.08418462
0.9029073
0.91965353
0.9212378
0.92036885
0.07142845
0.915769
0.07779139
0.075418085
0.073447585
0.07098743
0.07533869
0.07265499
0.07261184
0.08566174
0.076982886
0.88166785
0.43077672
0.079022646
0.9209724
0.07351872
0.08713788
0.0825879
0.086740375
0.081427485
0.08010441
0.901398
0.92811453
0.92428195
0.07487571
0.90756196
0.0888052
0.07575175
0.9112209
0.08270991
0.07740399
0.19522876
0.07120171
0.08911553
0.91820455
0.24099621
0.8710573
0.07554719
0.9378003
0.07949567
0.8421918
0.07759565
0.17200273
0.92474043
0.07703799
0.7706622
0.08086705
0.89476454
0.8683858
0.84848166
0.9133259
0.075514615
0.07528666
0.07459527
0.9222789
0.9154482
0.07218629
0.919605
0.0760459
0.09858987
0.0804134
0.0802744
0.9188607
0.9256666
0.11343199
0.909116
0.12795359
0.07242161
0.8161938
0.92143923
0.4044575
0.07165843
0.8875351
0.9203706
0.9301734
0.8847109
0.08876595
0.9253441
0.9177271
0.7816678
0.9077742
0.92103314
0.88149977
0.30972317
0.08998117
0.89043427
0.07671684
0.9231406
0.07866827
0.078770965
0.9001213
0.92378104
0.92239654
0.07350969
0.0751681
0.68381345
0.86923146
0.67076325
0.45862073
0.9216161
0.86200094
0.9229044
0.8663136
0.09114629
0.19722831
0.8957873
0.105424136
0.90736043
0.8767898
0.07431412
0.07974556
0.90882146
0.9025495
0.07532066
0.07096049
0.08494213
0.12014097
0.07042822
0.07626128
0.08431873
0.9167708
0.90306437
0.89626455
0.854128
0.9233919
0.91928756
0.08200148
0.89343333
0.88523144
0.09752911
0.0879018
0.07525614
0.9058724
0.07311487
0.07976377
0.07467595
0.40010834
0.20283353
0.07168391
0.07659781
0.92196465
0.8849181
0.917344
0.08481902
0.1111227
0.908826
0.0752469
0.074166566
0.9296552
0.9199087
0.07961464
0.91249907
0.9276929
0.08262184
0.2018027
0.18657985
0.4328721
0.9194555
0.8979213
0.81702524
0.9091496
0.07269958
0.08935779
0.08680323
0.09385911
0.92485476
0.08451912
0.46175253
0.8919002
0.11006284
0.081678
0.8993732
0.09610838
0.07521704
0.091368854
0.076244056
0.8758202
0.07398093
0.089969724
0.91823816
0.086737424
0.92972124
0.0835619
0.9145744
